u_time  hit%(today)  hit%(rep)  DE(ro,rep)
  0.00    88.6    92.5  +0.149
  0.50    83.8    92.9  +0.030
  1.00    79.0    91.3  +0.019
  1.13    70.4    90.9  +0.008
  1.50    56.9    89.0  +0.032
  2.00    20.8    88.3  +0.030
  2.50     0.0    90.3  +0.132
  3.00     0.0    92.8  +0.111
  4.00     0.0    92.5  +0.032
  5.00     0.0    90.1  +0.018
  6.00     0.0    89.6  +0.009
  8.00     0.0    72.5  +0.152
 10.00     0.0    88.8  +0.012
 15.00     0.0    78.3  +0.007
 20.00     0.0   100.0  -0.001
 30.00     0.0    75.3  +0.230
 45.00     0.0    93.8  +0.009
 60.00     0.0    82.9  +0.024
 90.00     0.0    57.9  +0.233
120.00     0.0    85.1  +0.078
speed 0.0:
  0.00    88.6    92.5
  3.00    77.0    91.1
  4.00    44.8    90.6
  5.00     0.0    88.6
  6.00     0.0    91.7
  8.00     0.0    91.5
 30.00     0.0    62.4
max(wrapped - min over 3 copies) = 4.996003610813204e-16  (>0 means the wrapped DE overestimates somewhere)
geometry z-extent (DE<0.01 on a 61x61 xy grid): -0.98 0.98
